Mo
0 0 0 -8.300395376614953
1 0 1 0.0035881459971483405
1 1 2 0.007946531455735671
2 0 2 -0.01133561118267246
2 1 3 -0.013068222379244935
2 2 2 0.06574972164185727
2 2 4 0.0011264736724756158
3 0 3 -0.014591624398809783
3 1 4 -0.02634553938942943
3 2 3 0.05636082234938111
3 2 5 0.018036546980298832
3 3 4 -0.002360498375174248
3 3 6 -0.0012682039745406215
4 0 4 0.022319483843948648
4 1 5 -0.00977130456392542
4 2 4 -0.009632973614594977
4 2 6 -0.002181565371352724
4 3 5 0.004813186017806068
4 3 7 -0.0015758549672978235
4 4 4 0.013891835493961193
4 4 6 -0.004062936724495235
4 4 8 0.005028644875453114
5 0 5 0.00867972659728177
5 1 6 0.003974995255871786
5 2 5 -0.017183972291486032
5 2 7 0.0023889629598835686
5 3 6 -0.0077259774377123145
5 3 8 -0.0011011847972330563
5 4 5 -0.0017974421538217323
5 4 7 0.012783644984762576
5 5 6 0.0006219573437789129
5 5 8 0.0004254678875012304
6 0 6 0.0020031433357937537
6 1 7 0.004279007590794805
6 2 6 -0.015233925037275293
6 2 8 -0.0017430354757175938
6 3 7 -0.0015770940625051246
6 4 6 0.004264761388038513
6 4 8 -0.0004962812764453392
6 5 7 0.011816920721063037
6 6 6 -0.0013113340556810435
6 6 8 -0.0025798200311725416
7 0 7 0.0012728077851727304
7 1 8 0.0006501269863768769
7 2 7 -0.010763403374432615
7 3 8 0.0036261066489444655
7 4 7 -0.0035953857904832734
7 5 8 0.002943115781794722
7 6 7 0.00455102412931171
7 7 8 0.0025182157965440107
8 0 8 0.0017700308634219257
8 2 8 -0.0028333832371896404
8 4 8 -0.0005279382958216744
8 6 8 0.007426699778572377
8 8 8 0.0040923146766764645
Ta
0 0 0 -10.399153569521877
1 0 1 -0.0012284359407804168
1 1 2 0.006304810628025276
2 0 2 -0.030170473909261187
2 1 3 0.005414818812392981
2 2 2 0.03857917022948178
2 2 4 -0.002276019071743524
3 0 3 -0.011276271118757682
3 1 4 -0.005306861347601623
3 2 3 -0.011350411470672936
3 2 5 0.006349178245177174
3 3 4 0.017815273204856513
3 3 6 -0.009597354520424121
4 0 4 -0.00454992991209919
4 1 5 -0.01859679185116461
4 2 4 -0.017435595395659042
4 2 6 0.01586338987089841
4 3 5 0.004265091815039605
4 3 7 -0.005695006145538851
4 4 4 0.02125336941226864
4 4 6 0.01245165941461376
4 4 8 0.011111325914183207
5 0 5 0.005848113573570624
5 1 6 0.012607312362271968
5 2 5 -0.043675489756659615
5 2 7 -0.023633109755103
5 3 6 0.0018372460001747624
5 3 8 -0.026001851237775556
5 4 5 0.011335733340600576
5 4 7 0.0013629235859248692
5 5 6 -3.8093940966097266e-05
5 5 8 0.00019842217153077658
6 0 6 0.0011955050819679313
6 1 7 0.003914082602902716
6 2 6 0.002413336294283057
6 2 8 -0.016408734472818383
6 3 7 -0.019790473348456374
6 4 6 0.006181368016980082
6 4 8 0.015554510540006353
6 5 7 0.004833401887849334
6 6 6 -0.01157080141261575
6 6 8 0.004592746779332689
7 0 7 0.01001484532728547
7 1 8 0.00017887759948505597
7 2 7 0.007618047730022023
7 3 8 -0.016622268339896048
7 4 7 -0.005290861359957785
7 5 8 0.0055993762828035545
7 6 7 0.0015891535895909206
7 7 8 -0.005059079984610658
8 0 8 0.0023937613804648314
8 2 8 -0.0026774015140182193
8 4 8 -0.012444365304006718
8 6 8 0.00293114258331699
8 8 8 0.006856815611639907
W
0 0 0 -10.396220750308832
1 0 1 0.0002744677614387317
1 1 2 0.02181506242749728
2 0 2 -0.03979254729855975
2 1 3 -0.004608411580400877
2 2 2 0.06642054071289626
2 2 4 0.013431857233300383
3 0 3 -0.019737152478541863
3 1 4 -0.027629094097007405
3 2 3 0.042784387580265204
3 2 5 0.00618701078185875
3 3 4 -0.002146414299045262
3 3 6 -0.005780394024060998
4 0 4 0.018358359301274465
4 1 5 -0.00978982341682218
4 2 4 -0.0015953117825818087
4 2 6 -0.0007630441786640941
4 3 5 0.004584253933179928
4 3 7 0.007397637755442925
4 4 4 0.01891652192349684
4 4 6 -0.005484069408438348
4 4 8 0.0021209258884922907
5 0 5 0.014337584882416713
5 1 6 0.0030315912234000243
5 2 5 -0.02665190027263823
5 2 7 -0.0014416174956927937
5 3 6 -0.013379233602260104
5 3 8 0.002010246613235458
5 4 5 -0.0015712478947404911
5 4 7 0.01640311766092593
5 5 6 -6.964925390745085e-05
5 5 8 0.0016072063022440995
6 0 6 8.701538369931255e-05
6 1 7 0.0055543957469137
6 2 6 -0.012907203286970453
6 2 8 0.001790016693937287
6 3 7 -0.002882324907902537
6 4 6 0.008367120056195871
6 4 8 -0.006022679160974095
6 5 7 0.013624095157376448
6 6 6 0.0016680325780647892
6 6 8 -0.0030682068271956726
7 0 7 0.0012149696475217187
7 1 8 0.002071926506916993
7 2 7 -0.016597577602987443
7 3 8 0.0015021740769992798
7 4 7 0.0023827941682040667
7 5 8 0.0025480750417513536
7 6 7 0.0004007561291861655
7 7 8 -0.0022330825368013373
8 0 8 -0.0015445095259646745
8 2 8 -0.002198714789063441
8 4 8 -0.003141021699805655
8 6 8 0.0035735952367564956
8 8 8 0.006847020857905479
