Mo
0 0 0 -9.133735008099363
1 0 1 -0.004052528075139755
1 1 2 0.005564012318655003
2 0 2 -0.0036853853988217133
2 1 3 -0.001195092081331546
2 2 2 0.0007366196962704983
2 2 4 0.00032487223943523035
3 0 3 -0.003019032139640902
3 1 4 0.007771257267188721
3 2 3 -0.008947053427902588
3 2 5 0.007902649733106983
3 3 4 0.006701707211298113
3 3 6 0.004908520019522631
4 0 4 -0.004438541121972564
4 1 5 0.005001278091178713
4 2 4 -0.0038982760820722552
4 2 6 -0.002278624813729722
4 3 5 -0.0017740299818232413
4 3 7 -0.00044718596433337927
4 4 4 -0.004875093259778662
4 4 6 -0.0015563244429427727
4 4 8 -0.0024743823114062287
5 0 5 -0.004549124777096924
5 1 6 0.0018367545297273595
5 2 5 -0.003494684757549444
5 2 7 0.0013767331043624197
5 3 6 -0.004477735059546866
5 3 8 -0.011987979080238395
5 4 5 0.003936133830293189
5 4 7 -0.0015761033061117286
5 5 6 0.001381633594899478
5 5 8 -0.0028158850087095827
6 0 6 -0.0014506953650483035
6 1 7 -0.0005412647506998648
6 2 6 0.0010447680823882776
6 2 8 0.0011235882150102646
6 3 7 -0.0026707269100662142
6 4 6 -0.0020236387698649508
6 4 8 0.0008177251119525149
6 5 7 -0.000888306776319818
6 6 6 -0.001038336295524208
6 6 8 0.0022752455096985104
7 0 7 0.002315890721771746
7 1 8 -0.0009386466752743864
7 2 7 0.003877423154296518
7 3 8 -0.0030688592643048113
7 4 7 -0.00047417138887776426
7 5 8 -0.002460886162262706
7 6 7 -0.00014769705333534
7 7 8 -0.001268963248637708
8 0 8 -0.0003277599504968577
8 2 8 -0.0007853267715268518
8 4 8 0.0005897185586883802
8 6 8 0.0006019041537493819
8 8 8 0.00261438968348696
Ta
0 0 0 -10.64930785025122
1 0 1 -0.001827684742865736
1 1 2 0.0036188269708831403
2 0 2 0.0020465482475645375
2 1 3 0.007257933343100884
2 2 2 0.0032967329626738995
2 2 4 0.006570266744713697
3 0 3 0.015675432248818313
3 1 4 0.007053129310025709
3 2 3 -0.0061337382328639
3 2 5 0.01050237276123639
3 3 4 -0.018867709461800636
3 3 6 -0.00563741638448466
4 0 4 0.00124775855001666
4 1 5 0.005407870821343103
4 2 4 -0.009786395240187934
4 2 6 -0.0021047283486408937
4 3 5 -0.00596713525218952
4 3 7 -0.007640814862360379
4 4 4 -0.0030058236013050625
4 4 6 0.0017803966266545074
4 4 8 0.0002535145012304471
5 0 5 -0.00591717701991263
5 1 6 0.00455864738956755
5 2 5 -0.0026339144017368792
5 2 7 0.004966370670074386
5 3 6 -0.004257680322835595
5 3 8 -0.012501333087193846
5 4 5 0.004403383084198413
5 4 7 -0.0015068028810204244
5 5 6 0.0010258086830752123
5 5 8 -0.005264623909457466
6 0 6 -0.0026005959213491877
6 1 7 -0.00032908493170039283
6 2 6 -0.0021267861074857237
6 2 8 0.0002685910798784289
6 3 7 -0.004548699481521605
6 4 6 0.0005167936201785888
6 4 8 0.0005355906587037632
6 5 7 0.0013779359105900685
6 6 6 -0.002798892753149473
6 6 8 0.0009126020065181491
7 0 7 0.0012002023751964247
7 1 8 -0.0016939861013146045
7 2 7 0.004917339378998875
7 3 8 -0.0025190256494100755
7 4 7 -0.0014489745963342383
7 5 8 -0.00034824626580770964
7 6 7 -0.0025403743819357896
7 7 8 -0.0017504640233443113
8 0 8 1.998151571993599e-05
8 2 8 -0.0018015949468324812
8 4 8 -0.005593501196493925
8 6 8 -0.0009225525706961594
8 8 8 0.0027851609264305413
W
0 0 0 -11.021031082861102
1 0 1 -0.003128799740924543
1 1 2 0.005475213614597489
2 0 2 -0.004419781522497487
2 1 3 0.005008682523837559
2 2 2 -0.0037449562458404095
2 2 4 -0.003900330845772476
3 0 3 0.0027052616210284175
3 1 4 0.006878265934228428
3 2 3 -0.008657848237601047
3 2 5 0.015443155870007958
3 3 4 -0.001255782523142536
3 3 6 0.0012394150713329736
4 0 4 -0.002863126191462046
4 1 5 0.004034360714276336
4 2 4 -0.0036884285727905417
4 2 6 -0.0021016206113388864
4 3 5 -0.003810661817877144
4 3 7 0.004839038299288081
4 4 4 -0.0026093095777742123
4 4 6 0.0007966046482111641
4 4 8 -0.0008849914063630589
5 0 5 -0.005310560937243583
5 1 6 0.00223746915037922
5 2 5 -0.0028679039077169318
5 2 7 0.0037367920695502697
5 3 6 -0.0058792690941210585
5 3 8 -0.012753371136293993
5 4 5 -0.0005095411323871051
5 4 7 -0.0019584169852591123
5 5 6 0.0023031170463961234
5 5 8 -0.005413466969400834
6 0 6 -0.0018044334509343279
6 1 7 -0.0003422245193003384
6 2 6 0.0002120591891487122
6 2 8 0.001687747500687695
6 3 7 -0.0027962718705346378
6 4 6 -0.002346079592020494
6 4 8 0.00029869435296935205
6 5 7 -0.0018109672132811394
6 6 6 -0.0010303460113790701
6 6 8 0.002712401901688699
7 0 7 0.0027212199406139556
7 1 8 -0.0009477771827346807
7 2 7 0.004777044412000869
7 3 8 -0.003906258038986924
7 4 7 0.0002590598683000522
7 5 8 -0.002524446477341812
7 6 7 -0.0011027225024967202
7 7 8 -0.003072782769652831
8 0 8 -0.00032517566901673803
8 2 8 -0.0012467423784745268
8 4 8 -0.0015400022560291568
8 6 8 -0.0005211680268940092
8 8 8 0.0032595377175951325
