Mo
0 0 0 -7.396887399995202
1 0 1 0.029484338679407765
1 1 2 -0.06948248938339031
2 0 2 0.08546506462276586
2 1 3 -0.02597510203611244
2 2 2 0.2139268942814837
2 2 4 0.002368566904597716
3 0 3 0.0049249675263843455
3 1 4 -0.07534478753622342
3 2 3 0.3164389923142431
3 2 5 0.055573990970741005
3 3 4 0.0034367530247999415
3 3 6 0.042171385563206
4 0 4 0.07194343294819769
4 1 5 -0.04414368039963287
4 2 4 0.01031610960732824
4 2 6 -0.005321737695251582
4 3 5 0.0015613358674690947
4 3 7 0.06912438260771199
4 4 4 0.0533213747291689
4 4 6 0.0199062306255782
4 4 8 0.012498966174342749
5 0 5 0.013049322148191012
5 1 6 0.010615096771623011
5 2 5 -0.011801367233196731
5 2 7 0.11002802639609992
5 3 6 -0.030945834241411004
5 3 8 -0.013250111084612659
5 4 5 0.03471444859063992
5 4 7 0.04821302159083039
5 5 6 0.020695600177495815
5 5 8 -0.05013336166396083
6 0 6 0.008991343901020939
6 1 7 0.02228020947468822
6 2 6 -0.04146383505833836
6 2 8 0.05041966854467682
6 3 7 -0.061670900003980594
6 4 6 -0.01539574116997124
6 4 8 -0.013437448150060597
6 5 7 0.03949778148112802
6 6 6 -0.01161156624314366
6 6 8 -0.012400866329936215
7 0 7 -0.0016381123432139609
7 1 8 0.00410393745365971
7 2 7 0.013772680622782672
7 3 8 0.035946723661152855
7 4 7 -0.0174513114993753
7 5 8 0.014173395512955383
7 6 7 -0.01717889872827999
7 7 8 -0.0036670634466571517
8 0 8 -0.007351438539090311
8 2 8 -0.005450984400133819
8 4 8 -0.023212604532263433
8 6 8 0.0002302631422042684
8 8 8 0.002126542803571251
Ta
0 0 0 -10.494523576011725
1 0 1 -0.00035124954908116734
1 1 2 0.09019602837503679
2 0 2 -0.23746634855755233
2 1 3 -0.010649072995352662
2 2 2 0.05798238550584014
2 2 4 0.041292770848380775
3 0 3 -0.015801750508091843
3 1 4 0.008077268343375422
3 2 3 0.08190226514261446
3 2 5 0.012556224313317252
3 3 4 0.06067004329106728
3 3 6 0.027387401044894056
4 0 4 -0.003286068682343247
4 1 5 -0.02121681356366844
4 2 4 0.03146864141356154
4 2 6 0.012777790469543405
4 3 5 -0.017597546173004394
4 3 7 0.10440484544195697
4 4 4 -0.025809616197146692
4 4 6 0.02644966873758959
4 4 8 0.021389279047390648
5 0 5 0.012363909345452884
5 1 6 0.015464160903125404
5 2 5 -0.025131037919512867
5 2 7 -0.013170483290965325
5 3 6 0.049945493088884234
5 3 8 0.031148544327852423
5 4 5 -0.0180963076810929
5 4 7 0.052394123415830364
5 5 6 -0.02630966910838965
5 5 8 -0.0056372813358201435
6 0 6 -0.004963350660162688
6 1 7 -0.002794187330214877
6 2 6 -0.020654532584746886
6 2 8 -0.001206506495052362
6 3 7 0.005060375721720245
6 4 6 0.02389968292742344
6 4 8 0.021726845396833297
6 5 7 0.02771316886385812
6 6 6 -0.022562376245918347
6 6 8 0.00014625629745325307
7 0 7 0.01472482988009393
7 1 8 0.0004894130124684712
7 2 7 0.003764096938351499
7 3 8 -0.020725324689699915
7 4 7 -0.030658272239015103
7 5 8 0.02753913805949294
7 6 7 -0.02227750450786815
7 7 8 0.01293873070494713
8 0 8 0.010969972653392874
8 2 8 -0.01493178614773269
8 4 8 0.03497153998179348
8 6 8 0.02355835080662661
8 8 8 0.01303759500157182
W
0 0 0 -9.394296416159232
1 0 1 0.023358747459542105
1 1 2 -0.03327627492767015
2 0 2 -0.022069649956575073
2 1 3 -0.004469738371840706
2 2 2 0.21447725055473207
2 2 4 0.013062357267827849
3 0 3 -0.019966190197893856
3 1 4 -0.08634603278255219
3 2 3 0.40548309986342695
3 2 5 0.04358070871165662
3 3 4 -0.014546071960691308
3 3 6 0.06174227560456179
4 0 4 0.05093559823492935
4 1 5 -0.04507624328772287
4 2 4 0.04715439622149405
4 2 6 -0.013961462703532108
4 3 5 -0.007644074024187447
4 3 7 0.11207215673313424
4 4 4 0.024073757678219496
4 4 6 0.03717759323748532
4 4 8 0.010967242862179248
5 0 5 0.012660020614888275
5 1 6 -8.17371510287921e-05
5 2 5 0.003231382607448205
5 2 7 0.1158381089702706
5 3 6 -0.010591949681337295
5 3 8 0.011126165183893269
5 4 5 0.05349671413481787
5 4 7 0.03602197618735852
5 5 6 0.011752949678477752
5 5 8 -0.048691243038087896
6 0 6 0.007775707395960413
6 1 7 0.028763695075763252
6 2 6 -0.08489056653883906
6 2 8 0.03312254700941526
6 3 7 -0.05509321875481645
6 4 6 -0.023937825551665785
6 4 8 0.005694717770342198
6 5 7 0.01705300366412943
6 6 6 -0.017631592843578504
6 6 8 -0.004395015046790988
7 0 7 -0.0056229456642248815
7 1 8 0.013995099302683224
7 2 7 -0.006759725431277271
7 3 8 0.05011469167103798
7 4 7 0.007005727253219589
7 5 8 0.014418914524146804
7 6 7 -0.018810578973262788
7 7 8 -0.01893228111419289
8 0 8 -0.01818413150728103
8 2 8 -0.001639608827942888
8 4 8 -0.034459638512045976
8 6 8 0.0010354723528183043
8 8 8 0.011768700535790688
