Mo
0 0 0 -6.7508563127785015
1 0 1 -0.011991785541663597
1 1 2 0.021674733730714643
2 0 2 -0.033678668438483675
2 1 3 0.021729993361128984
2 2 2 -0.012966603092804998
2 2 4 0.004002873184509046
3 0 3 0.013358266693561695
3 1 4 0.017940856720338547
3 2 3 -0.027463381912251193
3 2 5 0.022875111922124918
3 3 4 0.002346396314429134
3 3 6 -0.0033834379233451065
4 0 4 -0.006752119696652114
4 1 5 0.00783783358434614
4 2 4 0.0033088610130917323
4 2 6 0.020606414942748986
4 3 5 -0.02964217433490983
4 3 7 -0.0072466870224465576
4 4 4 -0.0021240828650393876
4 4 6 0.012993771760819757
4 4 8 0.014349667161048622
5 0 5 -0.01715139523321812
5 1 6 0.0029933446658060485
5 2 5 -0.004784088249599019
5 2 7 9.409498910751818e-05
5 3 6 -0.017766192836526987
5 3 8 -0.010240902376100954
5 4 5 0.010540965999000392
5 4 7 -0.013449548301452792
5 5 6 -0.0041337652864194335
5 5 8 -0.006906987426178208
6 0 6 -0.0030234133718401134
6 1 7 -0.0012745644211893633
6 2 6 -0.004400726316946623
6 2 8 -0.00024295139227863857
6 3 7 -0.02260538756586888
6 4 6 -0.006378792687288803
6 4 8 0.009714434212645395
6 5 7 -0.0013095133695308486
6 6 6 -0.00733872725582337
6 6 8 0.006527880640948326
7 0 7 0.007014571700396181
7 1 8 -0.0028834362309365117
7 2 7 0.01505726218515777
7 3 8 0.0004323330114455608
7 4 7 0.003729389333713923
7 5 8 -0.007206867902934736
7 6 7 -0.006965905059251401
7 7 8 -0.007110824952690767
8 0 8 -0.0005943295840523803
8 2 8 -0.0032354624735000588
8 4 8 0.0015097918785944619
8 6 8 0.000806560670142863
8 8 8 0.005171571643241855
Ta
0 0 0 -9.141594464415368
1 0 1 -0.0027345792514777236
1 1 2 0.005004075895950972
2 0 2 -0.0031803814608694194
2 1 3 0.020876028994216644
2 2 2 -0.014821433620687564
2 2 4 0.006005692839669172
3 0 3 0.008579146352098391
3 1 4 0.013032208906970965
3 2 3 -0.018127497720796314
3 2 5 -0.015085832190556312
3 3 4 -0.03211699950361523
3 3 6 0.013233888668147543
4 0 4 -0.00043352064779581076
4 1 5 0.014624121694116305
4 2 4 -0.02467287614993787
4 2 6 -0.003490766706948973
4 3 5 -0.018174958935999026
4 3 7 -0.015538270252754541
4 4 4 -0.005217768524793757
4 4 6 0.0024301551346839327
4 4 8 -0.005349518752254569
5 0 5 -0.007478347934727086
5 1 6 0.010021017344040392
5 2 5 0.0009353671997995773
5 2 7 0.012307699801852253
5 3 6 0.006644037585494956
5 3 8 -0.0048442927128919296
5 4 5 -0.0082193156034112
5 4 7 -0.008336342432938947
5 5 6 0.005651171135518106
5 5 8 -0.011269934830656915
6 0 6 -0.008474043464455185
6 1 7 -0.0012325718477457206
6 2 6 -0.005128771750815711
6 2 8 -0.004836166463506556
6 3 7 -0.0024607549183394972
6 4 6 -0.0064912932570627534
6 4 8 -0.001523770573971974
6 5 7 0.005293951402023236
6 6 6 0.0004900901476224543
6 6 8 -0.001033822368742027
7 0 7 -0.0037963320353146418
7 1 8 -0.002966794823270553
7 2 7 0.007949412767353796
7 3 8 0.0013655131956933433
7 4 7 0.008890847202602118
7 5 8 -0.0016747574191673456
7 6 7 -0.006228528313440666
7 7 8 -0.00407768407678632
8 0 8 -0.0001917640114324004
8 2 8 -0.0026493076136249135
8 4 8 -0.008904147928086652
8 6 8 -0.0022170257193854788
8 8 8 0.002279519324572781
W
0 0 0 -9.586580025948786
1 0 1 -0.011497761775521219
1 1 2 0.0159344047323861
2 0 2 -0.026178700410868116
2 1 3 0.014852339256376393
2 2 2 -0.012303144582215732
2 2 4 -0.009281502434396202
3 0 3 0.0031038842691192494
3 1 4 0.013050380024696561
3 2 3 -0.0272401143639248
3 2 5 0.007377917956063062
3 3 4 -0.029407679509467422
3 3 6 0.008887853195621425
4 0 4 -0.006782292777064617
4 1 5 0.015644414323189172
4 2 4 -0.011904976552728826
4 2 6 0.011707732492613192
4 3 5 -0.025378162574260517
4 3 7 0.008918381388436543
4 4 4 -0.014328172640515153
4 4 6 -0.0032432434127807512
4 4 8 -0.004244908677459999
5 0 5 -0.0075420393717418755
5 1 6 0.005616322156505676
5 2 5 -0.011779637663898291
5 2 7 0.010675027986790573
5 3 6 -0.014529069607715831
5 3 8 -0.003105658176762809
5 4 5 -0.017691209051640646
5 4 7 -0.006844487880693672
5 5 6 -0.0037419067449548558
5 5 8 0.00011649699834080109
6 0 6 -0.0035220116191396166
6 1 7 -0.004020366842351549
6 2 6 0.008781130469891808
6 2 8 0.0037915985947361364
6 3 7 -0.011677904263835694
6 4 6 0.008355027439580168
6 4 8 -0.00824711284270266
6 5 7 -0.001289769675457417
6 6 6 0.0033231950046967076
6 6 8 0.004790544832724456
7 0 7 0.005996794324358714
7 1 8 -0.004739328275810769
7 2 7 0.00956814031576662
7 3 8 0.008206768654982991
7 4 7 0.010229621178643511
7 5 8 -0.005252246922174232
7 6 7 0.0012524414526557629
7 7 8 -0.002708111764742258
8 0 8 -0.0016054623066904918
8 2 8 -0.0031463557926183585
8 4 8 0.002240972815912164
8 6 8 -0.0021649852026522803
8 8 8 0.006962844327738135
