Mo
0 0 0 -5.422865536525495
1 0 1 -0.22692708996537422
1 1 2 0.021703420776256956
2 0 2 -0.048371699240233205
2 1 3 -0.028433371650932127
2 2 2 -0.42609765802108396
2 2 4 0.4270350739933745
3 0 3 0.19991985091926517
3 1 4 0.10685962501667114
3 2 3 -0.0158541416524892
3 2 5 0.2237881775414634
3 3 4 0.5400694200682176
3 3 6 0.23262477675830506
4 0 4 -0.011336672410226796
4 1 5 0.06614716313802192
4 2 4 -0.11820918348573083
4 2 6 -0.28186633392880306
4 3 5 -0.015225178069643353
4 3 7 -0.4225150482809696
4 4 4 0.28675621134771195
4 4 6 -0.041404701829737656
4 4 8 0.05872424946975692
5 0 5 -0.01598473887140834
5 1 6 0.0065649108074631755
5 2 5 -0.17335129912407896
5 2 7 -0.5105807622277433
5 3 6 -0.17087489046174129
5 3 8 -0.6666674611305042
5 4 5 0.21557420392881435
5 4 7 -0.23366519454740406
5 5 6 -0.05592696743466992
5 5 8 -0.1560074444217903
6 0 6 0.03990029809120442
6 1 7 0.08799445520800263
6 2 6 -0.22431173849983518
6 2 8 -0.17800102228756
6 3 7 -0.0964667900065091
6 4 6 -0.2909117981988079
6 4 8 -0.14451842656252417
6 5 7 -0.09769212673811738
6 6 6 -0.2539649199976687
6 6 8 0.015097808176257483
7 0 7 0.09786183104450959
7 1 8 0.021667243864711333
7 2 7 0.043300215947365196
7 3 8 0.0024500082633479472
7 4 7 -0.026197889228593164
7 5 8 0.014749027367004841
7 6 7 -0.06286096528344882
7 7 8 -0.09440159913887608
8 0 8 -0.03362481685903045
8 2 8 -0.02371008330172842
8 4 8 -0.04669382948977211
8 6 8 -0.030900373042170762
8 8 8 0.0836616569358232
Ta
0 0 0 -6.61894225168985
1 0 1 -0.1373960846643549
1 1 2 0.011812248901471508
2 0 2 0.22298322049553027
2 1 3 0.12674199930352276
2 2 2 0.13884451577199333
2 2 4 0.8468734100418068
3 0 3 0.38897503386940946
3 1 4 -0.016207040990566284
3 2 3 0.017060900657321618
3 2 5 0.5087966872869326
3 3 4 0.10500715340455573
3 3 6 0.05010540897962909
4 0 4 0.0011241097782098614
4 1 5 0.0993453178621774
4 2 4 0.04192651392250886
4 2 6 -0.010126803145238129
4 3 5 0.015993504659003142
4 3 7 -0.3978067270091417
4 4 4 0.23539543011317454
4 4 6 0.01617952965027297
4 4 8 0.050252771695852565
5 0 5 -0.07464594752917207
5 1 6 0.05273193322956808
5 2 5 -0.06095573177258538
5 2 7 -0.3782954321622662
5 3 6 -0.006135915893927177
5 3 8 0.10422689840321508
5 4 5 0.15339797564764518
5 4 7 -0.11423010391667568
5 5 6 -0.10980668548309647
5 5 8 0.00722937665003035
6 0 6 0.031741341107475875
6 1 7 0.0984274595673598
6 2 6 -0.12346114899594209
6 2 8 -0.12017062421176619
6 3 7 -0.0970040822945351
6 4 6 -0.06960395737899536
6 4 8 0.011912170429144081
6 5 7 0.018576216551268107
6 6 6 -0.14725193443869006
6 6 8 -0.032834340187960775
7 0 7 -0.059830684476087866
7 1 8 -0.015288580172687543
7 2 7 0.031492150984127075
7 3 8 -0.10380858005674636
7 4 7 0.18310502513861018
7 5 8 -0.017520498099282363
7 6 7 -0.08668791235072425
7 7 8 -0.015192915170241371
8 0 8 -0.011923325801370203
8 2 8 -0.008200782627784052
8 4 8 -0.09065268024559857
8 6 8 0.022127836978484656
8 8 8 -0.03379908802622268
W
0 0 0 -6.2032264707178975
1 0 1 -0.2165233612704762
1 1 2 0.056390611604608516
2 0 2 -0.39953715336032386
2 1 3 -0.09202835290216792
2 2 2 0.233699181351511
2 2 4 0.1958624612568203
3 0 3 0.4493567627887349
3 1 4 0.208244811730259
3 2 3 -0.3484018044816232
3 2 5 0.4169210890305199
3 3 4 0.2029522531860882
3 3 6 0.30166666797695757
4 0 4 -0.11466299685558963
4 1 5 0.10461372686324383
4 2 4 0.10539499893405647
4 2 6 -0.02874822855860356
4 3 5 -0.14732809133682814
4 3 7 -0.04679364709751693
4 4 4 0.18621494973695762
4 4 6 0.07636474487380455
4 4 8 0.0266059064050356
5 0 5 -0.13226800705702882
5 1 6 -0.048283914822510626
5 2 5 -0.1756353124754028
5 2 7 -0.22430727864177008
5 3 6 -0.30114613959535635
5 3 8 -0.14030967757046667
5 4 5 -0.08167064777984108
5 4 7 -0.1931540839669626
5 5 6 -0.016066863855708963
5 5 8 -0.0961576110606815
6 0 6 0.03252909049794813
6 1 7 0.0126451163911306
6 2 6 -0.13538435561521067
6 2 8 -0.03577983999953347
6 3 7 -0.09012394861517596
6 4 6 -0.0990962655363905
6 4 8 0.0766704391955787
6 5 7 -0.062365233765326156
6 6 6 -0.06660306240556794
6 6 8 0.06300302746525803
7 0 7 0.14280732960890533
7 1 8 -0.050211384891846594
7 2 7 0.1354028073166016
7 3 8 -0.00010246813100760407
7 4 7 0.11055199176974481
7 5 8 -0.03284671031142526
7 6 7 -0.08287349153076329
7 7 8 -0.04579061241479957
8 0 8 -0.017324256120569613
8 2 8 -0.015199877008071523
8 4 8 0.00796825409853525
8 6 8 -0.015559808782480417
8 8 8 0.0336306143681687
