Cu
0 0 0 -1.4481117194329012
1 0 1 0.12274815154494541
1 1 2 0.17800634955973904
2 0 2 -0.1364103914815159
2 1 3 -0.07841068457041127
2 2 2 0.0022385170945686743
2 2 4 -0.2104002220787366
3 0 3 0.574889901502135
3 1 4 0.10685083151914784
3 2 3 0.35509910459637584
3 2 5 -0.20911700493404733
3 3 4 0.10645630957332246
3 3 6 0.47044292199321947
4 0 4 -0.275443133253479
4 1 5 -0.15019682658822714
4 2 4 0.02685757725104984
4 2 6 -0.41734227691808923
4 3 5 0.18887289163534368
4 3 7 -0.18778630947601602
4 4 4 0.1469392083979007
4 4 6 0.1631758114575201
4 4 8 -0.26379192027582865
5 0 5 0.05197951490817085
5 1 6 -0.014254171821549963
5 2 5 0.33754932074117217
5 2 7 -0.02751622447692669
5 3 6 0.013728145916076767
5 3 8 0.3332082826461687
5 4 5 -0.018177197642984495
5 4 7 0.05722038312316375
5 5 6 0.07075470667326339
5 5 8 -0.15636396785496404
6 0 6 0.06102666425237481
6 1 7 -0.05443942942619046
6 2 6 -0.13207172855854388
6 2 8 0.09278273678379438
6 3 7 0.014572585781583693
6 4 6 -0.1187068681979069
6 4 8 0.25988617971766304
6 5 7 -0.16949529268862226
6 6 6 0.03222253337322142
6 6 8 -0.058215448268443416
7 0 7 0.06751818849110411
7 1 8 -0.005623264674725537
7 2 7 0.018674877080101362
7 3 8 0.051899444388557626
7 4 7 0.05189451181037067
7 5 8 -0.04166296029741911
7 6 7 -0.07562915400432066
7 7 8 -0.011618040496172148
8 0 8 0.029973462111073077
8 2 8 -0.0015041049016036813
8 4 8 0.06179190579344129
8 6 8 -0.027487680835265805
8 8 8 -0.03755602732031867
Ag
0 0 0 -1.5409794468518139
1 0 1 1.0423529228590864
1 1 2 1.2645526102400226
2 0 2 -2.237659996527548
2 1 3 -0.4600262873347456
2 2 2 -0.45102868257054485
2 2 4 -0.21755362824819366
3 0 3 0.9023695676247172
3 1 4 1.2473880927244188
3 2 3 -0.22355681358345234
3 2 5 -0.6798146574339526
3 3 4 0.2962512173244793
3 3 6 2.21594862216501
4 0 4 -0.7376643500877357
4 1 5 0.012793127558661002
4 2 4 -0.5342619722554452
4 2 6 -1.11211681010941
4 3 5 0.6434329376895578
4 3 7 0.1311606911961375
4 4 4 -0.9721445134728891
4 4 6 0.3841103881460193
4 4 8 -0.5322618733464394
5 0 5 0.23435572985189798
5 1 6 -0.8251352682192322
5 2 5 1.3251901961354715
5 2 7 -0.4200639036887561
5 3 6 1.988108680045619
5 3 8 -0.12523578121406592
5 4 5 -0.43020217088234375
5 4 7 -0.6093521342104302
5 5 6 -0.18620742115605998
5 5 8 -0.2415266083678105
6 0 6 0.7426156515132666
6 1 7 -0.30603879546858054
6 2 6 -0.02127860644010649
6 2 8 0.19382174721987291
6 3 7 -0.32832563610890847
6 4 6 0.5000188352642333
6 4 8 0.4059435816857423
6 5 7 -0.6038285864525322
6 6 6 0.9958725299877336
6 6 8 0.26424505733611664
7 0 7 0.15524146961004828
7 1 8 -0.3391847663185932
7 2 7 0.7047228684394661
7 3 8 -0.24960269293754217
7 4 7 -0.2663786732358013
7 5 8 0.07062048110162977
7 6 7 -0.7097594655413128
7 7 8 -0.16135131444425035
8 0 8 0.2150948391766838
8 2 8 0.020133875024605032
8 4 8 0.0357013963233176
8 6 8 0.6194885939221264
8 8 8 -0.5685079675951166
Au
0 0 0 -1.387522644160036
1 0 1 0.5452479294429543
1 1 2 0.7132472438095853
2 0 2 -1.5878979673596945
2 1 3 -0.04000562945847604
2 2 2 0.375437157450066
2 2 4 -0.032519544581749674
3 0 3 0.08500528195083423
3 1 4 0.018266861453852926
3 2 3 0.44467599255327356
3 2 5 0.7560043513801118
3 3 4 -0.014254743449316716
3 3 6 0.8274140786766164
4 0 4 -0.7284781609973296
4 1 5 0.29166570290560007
4 2 4 -0.13175154471137474
4 2 6 -1.6051832792368435
4 3 5 1.0752759740170075
4 3 7 -0.6861965277993008
4 4 4 -0.19272225937844784
4 4 6 1.0565475122973103
4 4 8 -0.35040439450061067
5 0 5 -0.01534097025588557
5 1 6 -0.5457900014864129
5 2 5 0.3382179012600063
5 2 7 0.20195565531679527
5 3 6 0.7305828975459976
5 3 8 1.3115436537958287
5 4 5 0.2659645546443704
5 4 7 -0.732661393845281
5 5 6 0.5375651952829866
5 5 8 -0.22433748622313812
6 0 6 -0.034291219074280545
6 1 7 -0.39124866218011817
6 2 6 0.35764431059208546
6 2 8 0.5738406676076634
6 3 7 -0.2969768649635253
6 4 6 -0.19843704401892995
6 4 8 -0.9694977720604889
6 5 7 0.06883738250338098
6 6 6 0.3833682719865515
6 6 8 0.6113693458157492
7 0 7 0.214176280574339
7 1 8 0.08103742984400217
7 2 7 0.07871145423323966
7 3 8 -0.4745504219333564
7 4 7 -0.4318680343619835
7 5 8 0.40165844963431135
7 6 7 0.2901019428161355
7 7 8 -0.3164457652824459
8 0 8 0.010518994254863072
8 2 8 -0.038764626159575315
8 4 8 0.21293657110993633
8 6 8 0.23683063144011202
8 8 8 -0.5739548777056875
