Cu
0 0 0 -1.7743481728710135
1 0 1 0.27377137671497076
1 1 2 -0.18434491134734068
2 0 2 0.19789666892949917
2 1 3 -0.09938175480086521
2 2 2 0.3105661414304981
2 2 4 0.03518078361719163
3 0 3 0.02397288251787383
3 1 4 -0.12553749559161956
3 2 3 0.09307792273444117
3 2 5 -0.5456936448667556
3 3 4 -0.011646264143974945
3 3 6 -0.4134369363384996
4 0 4 0.17950041646456133
4 1 5 -0.12137271034065483
4 2 4 -0.5442750998690059
4 2 6 0.8525213921185895
4 3 5 -0.47735368461410704
4 3 7 0.740759091598611
4 4 4 0.3420971603060201
4 4 6 -0.2824124929384334
4 4 8 -0.1775431404681145
5 0 5 0.24604493825433113
5 1 6 0.29130066191045745
5 2 5 0.17046421475389464
5 2 7 -0.03271489789038272
5 3 6 -0.21739237660626587
5 3 8 -0.8461627404463842
5 4 5 0.04031449072852223
5 4 7 0.17666986519184294
5 5 6 -0.11814694113130268
5 5 8 0.3365826008213806
6 0 6 0.31005770267994465
6 1 7 -0.03504835766389788
6 2 6 -0.24939151739715112
6 2 8 0.5882264838120445
6 3 7 -0.08818271431719543
6 4 6 0.6370314225258952
6 4 8 -0.40606996105037724
6 5 7 0.07297284444444192
6 6 6 -0.4161797142613676
6 6 8 0.2374908926842853
7 0 7 0.07748205843286927
7 1 8 0.1219643927179378
7 2 7 0.04832634377210462
7 3 8 -0.39535879004413976
7 4 7 -0.22418424013642355
7 5 8 0.43545374044563495
7 6 7 -0.007440420482370059
7 7 8 -0.039906461296743245
8 0 8 0.006626228683151502
8 2 8 -0.04998458363607661
8 4 8 0.15654045127342187
8 6 8 -0.21312830704664446
8 8 8 0.11433167341048238
Ag
0 0 0 -1.6951840337647932
1 0 1 -1.8761445935532484
1 1 2 0.1358134175133276
2 0 2 1.477763755324847
2 1 3 -0.39782318437771597
2 2 2 -1.4167046724722985
2 2 4 2.557305679245335
3 0 3 -0.952917867668136
3 1 4 0.5239744249136568
3 2 3 -0.4917771376010881
3 2 5 -1.3729063430677086
3 3 4 0.07599407316174649
3 3 6 0.9153786318925128
4 0 4 0.00845220286243405
4 1 5 0.6518372657599089
4 2 4 0.3584829367426003
4 2 6 -0.07492069847410328
4 3 5 0.477967187718518
4 3 7 -0.2625857507875559
4 4 4 0.038782422462421286
4 4 6 0.3766750196918625
4 4 8 -0.23644457443297023
5 0 5 -0.7196825948095034
5 1 6 -0.13109060471165276
5 2 5 0.17184270232189955
5 2 7 1.518286965957203
5 3 6 -0.6354160551313527
5 3 8 -0.4487785579235986
5 4 5 0.03629110175550777
5 4 7 -1.1043945934243933
5 5 6 1.9754112408778832
5 5 8 0.6337866720290756
6 0 6 -0.19951650376466037
6 1 7 -0.6775029706238364
6 2 6 0.4038576156918672
6 2 8 -0.7990244627604088
6 3 7 1.54304912035154
6 4 6 -0.9529517541915394
6 4 8 0.3383606889340369
6 5 7 0.9342826462740703
6 6 6 -0.47371558995375485
6 6 8 -0.06560935607468533
7 0 7 -1.1712115054173173
7 1 8 0.19116805910344467
7 2 7 -0.606509236665349
7 3 8 -0.612558222491096
7 4 7 1.378353637217899
7 5 8 -0.7282999383120855
7 6 7 -0.3262660156483899
7 7 8 0.5773936388996753
8 0 8 -0.0703953941953228
8 2 8 0.02963032065455628
8 4 8 -0.8227845539341473
8 6 8 -0.061412832332204445
8 8 8 1.1848872290039738
Au
0 0 0 -1.8625429015681214
1 0 1 -0.9658898592217151
1 1 2 0.2873930332220994
2 0 2 0.8739369601665902
2 1 3 -0.2361889460521612
2 2 2 -3.892582888954425
2 2 4 2.988795434299125
3 0 3 -2.5430870787144353
3 1 4 1.151686866330604
3 2 3 2.117931779741277
3 2 5 1.7888771235528012
3 3 4 0.8745532723746178
3 3 6 -1.4390367422484456
4 0 4 -1.141335271031293
4 1 5 1.039084993338375
4 2 4 -1.7791320071804937
4 2 6 0.2149971123890906
4 3 5 0.19547489276298724
4 3 7 1.0744743497632918
4 4 4 -0.7035274397382009
4 4 6 0.055624019530731116
4 4 8 -0.598642707656202
5 0 5 0.5905769703662042
5 1 6 -0.7081122010680451
5 2 5 0.5047201609946678
5 2 7 -0.8330929791389508
5 3 6 1.629373056694069
5 3 8 2.4680774152264235
5 4 5 -0.06260302691210874
5 4 7 0.044893050558139094
5 5 6 -0.44636844550566956
5 5 8 -1.9981621183292728
6 0 6 -0.0458201952426589
6 1 7 0.8437783693015503
6 2 6 0.6793751614825468
6 2 8 -1.5696364722572491
6 3 7 -1.1926481084683414
6 4 6 -1.6276970733124643
6 4 8 2.2144072240326005
6 5 7 0.4485827718232504
6 6 6 2.1270722171803045
6 6 8 -1.006918151659476
7 0 7 -0.23312075115271727
7 1 8 -1.2494003035803525
7 2 7 -0.004551744484923833
7 3 8 1.465572639280783
7 4 7 -0.650800064074015
7 5 8 -1.625870710718558
7 6 7 0.6234071944376157
7 7 8 0.5320864374944726
8 0 8 -0.18012909321983836
8 2 8 0.1110859928738491
8 4 8 0.23276305109419682
8 6 8 -0.4195436452358958
8 8 8 0.3685168607981581
