Cu
0 0 0 -1.608395628889862
1 0 1 0.005795157776876864
1 1 2 -0.03603359973085777
2 0 2 -0.06401354903569097
2 1 3 0.09337896285485445
2 2 2 -0.017993993324113805
2 2 4 -0.009121420469093275
3 0 3 0.020840321619639696
3 1 4 -0.006741187492826472
3 2 3 0.5365076206535422
3 2 5 0.15419703730318146
3 3 4 0.4086204563860662
3 3 6 -0.11774945898517047
4 0 4 0.019701108193127224
4 1 5 -0.04267667342816719
4 2 4 -0.32336823791773117
4 2 6 0.26703912666140134
4 3 5 -0.06606861608907526
4 3 7 0.38999970392317995
4 4 4 0.041913512168833295
4 4 6 -0.1757618774798827
4 4 8 0.16159738420384168
5 0 5 0.06547602787247925
5 1 6 0.06862275474490626
5 2 5 0.13237594725171614
5 2 7 -0.3263442093729415
5 3 6 0.14857940035392833
5 3 8 -0.17599423482436288
5 4 5 -0.047254194405755616
5 4 7 0.19833465305113762
5 5 6 -0.17423387128952955
5 5 8 0.0837426299631325
6 0 6 0.031573229759547246
6 1 7 0.011740789555600884
6 2 6 0.10877194721415212
6 2 8 0.08931493203833012
6 3 7 -0.01892376176548591
6 4 6 0.36409393551306474
6 4 8 -0.17851232603483527
6 5 7 -0.0037806365094024386
6 6 6 -0.28047353535189357
6 6 8 0.05797160147135382
7 0 7 0.04309619916911575
7 1 8 -0.0515536308882031
7 2 7 0.1848477014664331
7 3 8 -0.0412094269912476
7 4 7 -0.16838432681506119
7 5 8 0.21277393530054795
7 6 7 0.04799554541023333
7 7 8 -0.01655492889551536
8 0 8 0.034283152559353006
8 2 8 -0.014506735135157753
8 4 8 0.08119708394749266
8 6 8 -0.08763295047252609
8 8 8 -0.01778422068889292
Ag
0 0 0 -1.7095033150229568
1 0 1 1.0111732318159323
1 1 2 0.6466418812575843
2 0 2 -1.9984820579174116
2 1 3 -1.0268670660205588
2 2 2 2.8290613734953247
2 2 4 -0.9894752060280743
3 0 3 3.5310340776508937
3 1 4 -0.23473476485941808
3 2 3 0.2499415509638518
3 2 5 -0.2632786518370553
3 3 4 -2.800330610226463
3 3 6 -0.15370423244763776
4 0 4 0.45076114175927295
4 1 5 -1.9860462646078842
4 2 4 -0.6700359974318901
4 2 6 -0.8034548047770491
4 3 5 1.3114159576826652
4 3 7 0.30435242871596585
4 4 4 1.8113792428733084
4 4 6 -0.5155009882914532
4 4 8 -0.3561835648856062
5 0 5 -1.3537293765877867
5 1 6 1.8240935426840872
5 2 5 1.4910666166977802
5 2 7 -1.0520140467098416
5 3 6 0.03084121440412741
5 3 8 -2.126159260207867
5 4 5 -0.809155478662528
5 4 7 1.538028362478311
5 5 6 -0.7941908227158487
5 5 8 0.27404693955930476
6 0 6 1.1227724680898312
6 1 7 -0.4672010519027837
6 2 6 -1.8924826522870377
6 2 8 -0.1670869497844698
6 3 7 1.4315335177610777
6 4 6 2.121984838647904
6 4 8 0.6070058113210556
6 5 7 0.2843767497727852
6 6 6 -1.8841302977065604
6 6 8 -0.1788210108426247
7 0 7 -0.14360382242922273
7 1 8 -0.15646962266996953
7 2 7 0.7197581416977662
7 3 8 -0.4948913986635964
7 4 7 -0.03542762872443933
7 5 8 0.9877994324798638
7 6 7 -0.5002965649127951
7 7 8 0.2639985315758837
8 0 8 0.25888282911232674
8 2 8 0.1978632199362546
8 4 8 -0.9180631442517929
8 6 8 0.2591384325250112
8 8 8 0.4135043814188078
Au
0 0 0 -1.626112739771171
1 0 1 0.07294273718157683
1 1 2 0.5978765037593102
2 0 2 -0.5700952777475217
2 1 3 -0.27897156810708673
2 2 2 0.33440571868630586
2 2 4 0.04499494884735395
3 0 3 0.6285720754712084
3 1 4 -0.08568864373350021
3 2 3 0.894007528367339
3 2 5 -1.1604986454125874
3 3 4 0.6426404542668783
3 3 6 0.5393254923247102
4 0 4 -0.18565807555595693
4 1 5 -0.17995701691594004
4 2 4 -0.7144998801255188
4 2 6 -0.43005506815302963
4 3 5 -0.8550464483164626
4 3 7 -0.6750115963511814
4 4 4 0.6713740289878705
4 4 6 0.49772056434418854
4 4 8 0.7165847330447913
5 0 5 0.21200276562012554
5 1 6 -0.6495298705228797
5 2 5 0.7467198796602106
5 2 7 1.7003244196770464
5 3 6 -0.6019672655801439
5 3 8 -1.4128350481449057
5 4 5 0.5700350153126175
5 4 7 -0.8194441611853336
5 5 6 -0.19133037235285855
5 5 8 1.7972860166749607
6 0 6 -0.4758056335648074
6 1 7 0.20252354084231267
6 2 6 0.07764779336230913
6 2 8 1.1102861641159234
6 3 7 -0.5476834224078958
6 4 6 0.7279501549498971
6 4 8 -1.523409071189573
6 5 7 0.3138604953048795
6 6 6 -0.35031219119750423
6 6 8 0.2824956625585412
7 0 7 0.13650389015858327
7 1 8 0.4319440563158573
7 2 7 -0.4040244979728032
7 3 8 -0.5412097946860085
7 4 7 0.035676560187993936
7 5 8 0.6873528544826253
7 6 7 0.21022293105480566
7 7 8 -0.3216692041008091
8 0 8 0.04761570475741371
8 2 8 -0.08461607113442886
8 4 8 0.4715148074031989
8 6 8 -0.4454528625973149
8 8 8 0.06815263102532572
