Cu
-1.5170960495278438
0 0 0 0.08752984164547199
1 0 1 -0.09477711609762897
1 1 2 -0.11620977828149115
2 0 2 0.512411643005934
2 1 3 0.38465957301243764
2 2 2 -0.24839632478105475
2 2 4 -0.12306917968878178
3 0 3 -0.26717966464284365
3 1 4 -0.36529030507065174
3 2 3 0.12300450912288685
3 2 5 0.05771993840798729
3 3 4 0.02312404770848297
3 3 6 0.10983700973395505
4 0 4 0.058673834392969915
4 1 5 0.17028467152664506
4 2 4 0.004176014730750264
4 2 6 -0.0034326343605415657
4 3 5 -0.5204152597899079
4 3 7 -0.11357935398219647
4 4 4 0.16034912745531268
4 4 6 -0.07982643746118968
4 4 8 0.07071682749685461
5 0 5 -0.11708045530640361
5 1 6 -0.12122513670644126
5 2 5 0.38905833997609784
5 2 7 0.033939192203124295
5 3 6 0.0013541264034545354
5 3 8 -0.07944966914220825
5 4 5 -0.11172044249311919
5 4 7 0.06453777717252768
5 5 6 0.046329347085836615
5 5 8 0.05598810346084806
6 0 6 0.009915246854411527
6 1 7 0.06770620874744447
6 2 6 -0.07206186616895839
6 2 8 0.0008395423871847343
6 3 7 0.042299259840785586
6 4 6 -0.02007238328670187
6 4 8 -0.01717263729032033
6 5 7 0.14019044916329876
6 6 6 -0.040700079626086495
6 6 8 0.06163105689211875
7 0 7 0.021166368887955908
7 1 8 -0.08095970371944372
7 2 7 -0.16795142175990102
7 3 8 0.07916651796422108
7 4 7 -0.034260763340831626
7 5 8 -0.11845126239342597
7 6 7 -0.003980519205482997
7 7 8 0.03760537991162668
8 0 8 0.04227419950873375
8 2 8 -0.11182763099653804
8 4 8 0.045444230089836835
8 6 8 0.02681853077448586
8 8 8 -0.017074933029172117
Ag
-1.6468079823205644
0 0 0 0.28240235124721924
1 0 1 -0.8625263200069888
1 1 2 2.455930438129597
2 0 2 -1.5494544252431537
2 1 3 -2.194043405902193
2 2 2 1.607913349086211
2 2 4 -0.5520995915072192
3 0 3 1.3563551232958673
3 1 4 0.4454288034269253
3 2 3 -2.0781644194199607
3 2 5 0.6225126973873978
3 3 4 -0.5388830825255773
3 3 6 0.0006398249324556586
4 0 4 1.272161359608353
4 1 5 -2.4389661719104887
4 2 4 1.5374283148580492
4 2 6 -2.0975279128628905
4 3 5 3.9222817853892686
4 3 7 0.9508536209566784
4 4 4 -0.7438455380711968
4 4 6 -0.5502466972785096
4 4 8 0.6279463564719869
5 0 5 -0.17490579039791268
5 1 6 0.356439975048535
5 2 5 1.1155515080024065
5 2 7 -1.079836257556874
5 3 6 0.37018050269091973
5 3 8 -0.6906921909904508
5 4 5 -1.5176863677594858
5 4 7 -0.34387707865144646
5 5 6 -0.898802871032452
5 5 8 0.8401803602832176
6 0 6 0.6502801290488457
6 1 7 0.753510380010366
6 2 6 -0.6954059509877468
6 2 8 0.2502009114018656
6 3 7 -2.5007948379316542
6 4 6 2.2924903880635927
6 4 8 -0.989889634733886
6 5 7 1.7118151059526576
6 6 6 -0.49764021538997855
6 6 8 -0.43925136178403723
7 0 7 -0.6234065363309531
7 1 8 0.07062578610134841
7 2 7 1.5837938931908662
7 3 8 0.571115669908892
7 4 7 -1.1474967618191803
7 5 8 -0.9009917468075792
7 6 7 0.40123172757879005
7 7 8 -0.00034203699898517083
8 0 8 -0.27126244689368517
8 2 8 0.1726879297964994
8 4 8 0.16599784991075325
8 6 8 0.6036980374838556
8 8 8 -0.17872904376741616
Au
-1.5395196912020468
0 0 0 -0.01535840788849334
1 0 1 -0.6559595884233059
1 1 2 0.5394203185664485
2 0 2 0.5647028659758763
2 1 3 -0.1629165300116052
2 2 2 0.35709886595405294
2 2 4 -2.08763843532998
3 0 3 0.32487809849022614
3 1 4 -0.6333481272948235
3 2 3 0.11779913220258449
3 2 5 0.4921627074981821
3 3 4 0.13292271976954298
3 3 6 0.6833726766631297
4 0 4 1.1632983248069613
4 1 5 -0.033544649707601897
4 2 4 0.7739847242932362
4 2 6 0.41402805873568904
4 3 5 0.3427273054086022
4 3 7 -0.6310158631557998
4 4 4 0.25762408053250146
4 4 6 -0.45695095996617774
4 4 8 -0.21565150152892093
5 0 5 -0.7681020695849028
5 1 6 -0.23378723892807876
5 2 5 0.4079818967245048
5 2 7 0.28578210263404036
5 3 6 -0.7833907744803063
5 3 8 -0.06754408900334345
5 4 5 -0.5332721360050102
5 4 7 -0.21507842820822684
5 5 6 0.16522573175022648
5 5 8 0.004156058512039131
6 0 6 -0.17040630668151494
6 1 7 0.5780227419451727
6 2 6 -0.8167659935521112
6 2 8 0.08957135391636166
6 3 7 -0.1645188612182297
6 4 6 0.9283586292551351
6 4 8 0.7283950655407969
6 5 7 0.6470034156602845
6 6 6 -0.5358360331133066
6 6 8 -0.49761990882099655
7 0 7 -0.04120129195337373
7 1 8 -0.18991070360927026
7 2 7 0.18341563647633577
7 3 8 -0.07970161895103937
7 4 7 -0.08009188300439948
7 5 8 0.13366170044628714
7 6 7 -0.1918137892086442
7 7 8 0.012654652192862261
8 0 8 -0.0019944100346350807
8 2 8 0.22327905388671668
8 4 8 -0.5358780333847142
8 6 8 0.5193799952508666
8 8 8 -0.0114565132801092
