Cu
0 0 0 -1.5279908449752901
1 0 1 -0.01918422630456441
1 1 2 -0.023865637288370222
2 0 2 0.22924580168602943
2 1 3 0.23050433759011688
2 2 2 -0.5495129200550045
2 2 4 0.2572602850129444
3 0 3 -0.40552855333238164
3 1 4 0.10573037996507938
3 2 3 0.04452308910194493
3 2 5 0.021868020628860996
3 3 4 0.040448174356584446
3 3 6 -0.1608150739311227
4 0 4 0.04588053036305527
4 1 5 0.0024627848883649454
4 2 4 -0.07121079535084211
4 2 6 0.4446538841142567
4 3 5 -0.04169924932697954
4 3 7 0.26165729303760293
4 4 4 0.14055165702558314
4 4 6 -0.2586492048742038
4 4 8 0.17130281766493632
5 0 5 0.010630630436726126
5 1 6 -0.008372533130456553
5 2 5 0.023226293838678084
5 2 7 0.17023473137441272
5 3 6 -0.11996745140397813
5 3 8 -0.26661023003412976
5 4 5 0.02317263077465379
5 4 7 -0.1891279963215533
5 5 6 0.1311986864754269
5 5 8 0.24049823338400048
6 0 6 -0.01818814994413554
6 1 7 -0.012988129989489047
6 2 6 -0.01425434600717277
6 2 8 -0.05042986487768877
6 3 7 0.08972105313804339
6 4 6 -0.034776134079847025
6 4 8 -0.10616170529377049
6 5 7 0.10175161044968922
6 6 6 -0.037047312224946845
6 6 8 0.0678618379291086
7 0 7 -0.07708254684887551
7 1 8 0.032527573809804235
7 2 7 -0.05179775077322946
7 3 8 -0.050229172257034244
7 4 7 0.0861674977473919
7 5 8 0.007066893561458726
7 6 7 0.0673042622626211
7 7 8 0.044861392756478394
8 0 8 0.011045781960376309
8 2 8 0.012559346013864152
8 4 8 -0.01733726556177267
8 6 8 -0.0402752201393514
8 8 8 0.12008815829496455
Ag
0 0 0 -1.6811169157192398
1 0 1 -1.0550712328007412
1 1 2 -0.422599427571734
2 0 2 1.169602971070986
2 1 3 0.6241028996517095
2 2 2 -1.2402135873560258
2 2 4 1.302068523832237
3 0 3 -1.7071514290958953
3 1 4 0.8446128705002696
3 2 3 -0.3681897363390287
3 2 5 -0.548601940881741
3 3 4 1.350672472269338
3 3 6 -0.5140491560382234
4 0 4 0.769894538459249
4 1 5 1.153182859998792
4 2 4 -0.8255977608078352
4 2 6 0.7713123488702259
4 3 5 -1.2251375614282465
4 3 7 1.385662815341782
4 4 4 -0.019009929965341767
4 4 6 -0.26376926453505156
4 4 8 0.5014452818159348
5 0 5 0.3911345701273168
5 1 6 -0.6265513934166239
5 2 5 0.08600075343341324
5 2 7 -0.20248856650920463
5 3 6 -0.27891249640001425
5 3 8 -1.1678462978527835
5 4 5 -0.07631046124069309
5 4 7 -0.30699905941785904
5 5 6 -0.7119163420083434
5 5 8 0.021903728922655127
6 0 6 -0.1452520736986439
6 1 7 0.2806503562024506
6 2 6 0.24785819897055716
6 2 8 0.04207161733709809
6 3 7 -0.7531778365638865
6 4 6 0.4364748539399065
6 4 8 -0.30482300731492795
6 5 7 0.8283209099299349
6 6 6 -0.36788898707816997
6 6 8 0.12181488361765544
7 0 7 -0.9789245987602414
7 1 8 -0.06531525606082526
7 2 7 0.4685781920051933
7 3 8 0.14580569004021585
7 4 7 -1.4415447369018888
7 5 8 0.5972355461028065
7 6 7 1.3344010784489841
7 7 8 -0.3057475913111231
8 0 8 -0.27009991076203826
8 2 8 -0.47794459274565615
8 4 8 0.9848691466852076
8 6 8 -0.7091428905667088
8 8 8 0.5225978793574387
Au
0 0 0 -1.3196351815425078
1 0 1 -0.24302797786317135
1 1 2 -0.7071510096948109
2 0 2 0.5897423285918816
2 1 3 1.601700544029496
2 2 2 -0.4939358095003307
2 2 4 -0.9467975066368636
3 0 3 -2.3085854497110185
3 1 4 0.021122401765868146
3 2 3 -0.6329439199017585
3 2 5 1.4043022101342921
3 3 4 1.1749192025429962
3 3 6 -0.574093998237677
4 0 4 0.9161206305094446
4 1 5 1.7473759416465144
4 2 4 -0.42537843587852586
4 2 6 1.1376048756901858
4 3 5 -0.8615510401678136
4 3 7 -0.8175589334786312
4 4 4 -0.3521240340403288
4 4 6 0.5056097081234289
4 4 8 -0.12369556722091923
5 0 5 0.24309727229130126
5 1 6 -0.6193383377797194
5 2 5 -0.7265174672683409
5 2 7 -0.4586884611047222
5 3 6 -0.29683463293042195
5 3 8 0.667878186851649
5 4 5 -0.09225029615385785
5 4 7 0.21244922070876668
5 5 6 -0.07209846115921928
5 5 8 -0.4536938327986923
6 0 6 -0.4895238350497492
6 1 7 0.2539423652470096
6 2 6 0.8350863179869791
6 2 8 -0.743333822438612
6 3 7 -0.5703871769573478
6 4 6 -0.29319301572688056
6 4 8 0.17062775278969028
6 5 7 1.1405892763660594
6 6 6 0.10857908623626315
6 6 8 -0.012347755695165488
7 0 7 -1.1629463852545714
7 1 8 -0.16459733711580204
7 2 7 0.3451978976004453
7 3 8 0.7988905381840552
7 4 7 -1.4744433773085817
7 5 8 -0.1936160115371791
7 6 7 1.7401777721025782
7 7 8 -0.0061780310439781
8 0 8 -0.35910962027075227
8 2 8 -0.4787478859040468
8 4 8 1.1963534679735894
8 6 8 -0.8697380408655376
8 8 8 0.6792238144062341
